%YAML:1.0
---
cam_mtx_l: !!opencv-matrix
   rows: 3
   cols: 3
   dt: d
   data: [ 5.0424137765456857e+02, 0., 3.6194467949676175e+02, 0.,
       4.5638262302252008e+02, 2.4054014759908407e+02, 0., 0., 1. ]
...
---
dist_l: !!opencv-matrix
   rows: 1
   cols: 5
   dt: d
   data: [ 3.3812723706487767e-02, -8.6903964395657493e-02, 0., 0.,
       8.1567882934410474e-02 ]
...
---
R1: !!opencv-matrix
   rows: 3
   cols: 3
   dt: d
   data: [ -9.9848535256171067e-01, -5.5011987540699782e-02,
       8.2580054394000915e-04, 5.5018128312382300e-02,
       -9.9835022411339247e-01, 1.6426672509706374e-02,
       -7.9225745323619270e-05, 1.6447225892556878e-02,
       9.9986473209315696e-01 ]
...
---
P1: !!opencv-matrix
   rows: 3
   cols: 4
   dt: d
   data: [ 3.5721952347057089e+02, 0., 3.1177174758911133e+02, 0., 0.,
       3.5721952347057089e+02, 2.4409387588500977e+02, 0., 0., 0., 1.,
       0. ]
...
---
cam_mtx_r: !!opencv-matrix
   rows: 3
   cols: 3
   dt: d
   data: [ 5.0424137765456857e+02, 0., 2.8196051588400366e+02, 0.,
       4.5638262302252008e+02, 2.2871908029724227e+02, 0., 0., 1. ]
...
---
dist_r: !!opencv-matrix
   rows: 1
   cols: 5
   dt: d
   data: [ -1.0516179777648245e-01, 1.3206094932167092e-01, 0., 0.,
       -7.2467553179752217e-02 ]
...
---
R2: !!opencv-matrix
   rows: 3
   cols: 3
   dt: d
   data: [ -9.9899830293879843e-01, -3.7353235776137028e-02,
       2.4639937143856122e-02, 3.6957660681059157e-02,
       -9.9918357729882423e-01, -1.6319012632760588e-02,
       2.5229388466321633e-02, -1.5392031489599356e-02,
       9.9956318625899720e-01 ]
...
---
P2: !!opencv-matrix
   rows: 3
   cols: 4
   dt: d
   data: [ 3.5721952347057089e+02, 0., 3.1177174758911133e+02,
       -1.9264461294234591e+03, 0., 3.5721952347057089e+02,
       2.4409387588500977e+02, 0., 0., 0., 1., 0. ]
