%YAML:1.0
---
K_undistort: !!opencv-matrix
   rows: 3
   cols: 3
   dt: d
   data: [ 5.2675692443542198e+02, 0., 3.3022155618127198e+02, 0.,
       4.7843311043812145e+02, 2.4944524334088075e+02, 0., 0., 1. ]
...
---
D_undistort: !!opencv-matrix
   rows: 4
   cols: 1
   dt: d
   data: [ -7.5271664021082929e-02, 6.7773631971775970e-03,
       -3.2231954249568173e-01, 4.3735394851622683e-01 ]
...
---
cam_mtx_l: !!opencv-matrix
   rows: 3
   cols: 3
   dt: d
   data: [ 5.9175787630159812e+02, 0., 3.2458916216199202e+02, 0.,
       5.1659917950055956e+02, 1.5852522513589383e+02, 0., 0., 1. ]
...
---
dist_l: !!opencv-matrix
   rows: 1
   cols: 5
   dt: d
   data: [ -4.8335764845045953e-02, 7.7831957590415640e-02, 0., 0.,
       3.7819720152086518e-02 ]
...
---
R1: !!opencv-matrix
   rows: 3
   cols: 3
   dt: d
   data: [ 9.9335289537926308e-01, -2.7726153444606542e-02,
       1.1171967443920142e-01, 3.2764112195591749e-02,
       9.9851543457081038e-01, -4.3513674585127303e-02,
       -1.1034735245428275e-01, 4.6884830585508241e-02,
       9.9278662081400881e-01 ]
...
---
P1: !!opencv-matrix
   rows: 3
   cols: 4
   dt: d
   data: [ 4.5153327391251560e+02, 0., 2.2292651557922363e+02, 0., 0.,
       4.5153327391251560e+02, 1.6433924674987793e+02, 0., 0., 0., 1.,
       0. ]
...
---
cam_mtx_r: !!opencv-matrix
   rows: 3
   cols: 3
   dt: d
   data: [ 5.9175787630159812e+02, 0., 2.8766244765328378e+02, 0.,
       5.1659917950055956e+02, 1.5274864977049134e+02, 0., 0., 1. ]
...
---
dist_r: !!opencv-matrix
   rows: 1
   cols: 5
   dt: d
   data: [ 2.1757919962575215e-02, -2.8819705103174220e-01, 0., 0.,
       9.4106816056812337e-01 ]
...
---
R2: !!opencv-matrix
   rows: 3
   cols: 3
   dt: d
   data: [ 9.8590431856713179e-01, -2.6116470079581514e-02,
       1.6525920434657215e-01, 1.8580964264224727e-02,
       9.9872294492338387e-01, 4.6981135049882397e-02,
       -1.6627514064853885e-01, -4.3248228566566821e-02,
       9.8513053364930414e-01 ]
...
---
P2: !!opencv-matrix
   rows: 3
   cols: 4
   dt: d
   data: [ 4.5153327391251560e+02, 0., 2.2292651557922363e+02,
       -2.9584255137484647e+03, 0., 4.5153327391251560e+02,
       1.6433924674987793e+02, 0., 0., 0., 1., 0. ]
