%YAML:1.0
---
cam_mtx_l: !!opencv-matrix
   rows: 3
   cols: 3
   dt: d
   data: [ 5.9182048063091952e+02, 0., 3.2461052939298730e+02, 0.,
       5.1664727324787327e+02, 1.5848304966946128e+02, 0., 0., 1. ]
...
---
dist_l: !!opencv-matrix
   rows: 1
   cols: 5
   dt: d
   data: [ -4.8103730664472162e-02, 7.6651343680987680e-02, 0., 0.,
       3.9932075462206493e-02 ]
...
---
R1: !!opencv-matrix
   rows: 3
   cols: 3
   dt: d
   data: [ 9.9333659664747465e-01, -2.7829268588397599e-02,
       1.1183889113652307e-01, 3.2872521004471841e-02,
       9.9851222520710992e-01, -4.3505556826184427e-02,
       -1.1046177222742169e-01, 4.6892088050977547e-02,
       9.9277355371433851e-01 ]
...
---
P1: !!opencv-matrix
   rows: 3
   cols: 4
   dt: d
   data: [ 4.5152054674223882e+02, 0., 2.2283780479431152e+02, 0., 0.,
       4.5152054674223882e+02, 1.6427693653106689e+02, 0., 0., 0., 1.,
       0. ]
...
---
cam_mtx_r: !!opencv-matrix
   rows: 3
   cols: 3
   dt: d
   data: [ 5.9182048063091952e+02, 0., 2.8767057554888629e+02, 0.,
       5.1664727324787327e+02, 1.5268816575660978e+02, 0., 0., 1. ]
...
---
dist_r: !!opencv-matrix
   rows: 1
   cols: 5
   dt: d
   data: [ 2.1634578112582264e-02, -2.8790770841669400e-01, 0., 0.,
       9.4019307570663058e-01 ]
...
---
R2: !!opencv-matrix
   rows: 3
   cols: 3
   dt: d
   data: [ 9.8587992544357905e-01, -2.6222603163544227e-02,
       1.6538787044608305e-01, 1.8681136423752465e-02,
       9.9872062468603551e-01, 4.6990732795438653e-02,
       -1.6640849662586410e-01, -4.3237586774269025e-02,
       9.8510848303151743e-01 ]
...
---
P2: !!opencv-matrix
   rows: 3
   cols: 4
   dt: d
   data: [ 4.5152054674223882e+02, 0., 2.2283780479431152e+02,
       -2.9579641192206618e+03, 0., 4.5152054674223882e+02,
       1.6427693653106689e+02, 0., 0., 0., 1., 0. ]
