%YAML:1.0
---
cam_mtx_l: !!opencv-matrix
   rows: 3
   cols: 3
   dt: d
   data: [ 6.0106730457571689e+02, 0., 3.2468211916171811e+02, 0.,
       5.2590106035583199e+02, 1.6049443851730865e+02, 0., 0., 1. ]
...
---
dist_l: !!opencv-matrix
   rows: 1
   cols: 5
   dt: d
   data: [ -5.1942277327712207e-02, 9.0375360765100152e-02, 0., 0.,
       3.5238489497329759e-02 ]
...
---
R1: !!opencv-matrix
   rows: 3
   cols: 3
   dt: d
   data: [ 9.9161599193641026e-01, -9.5932568978964392e-02,
       8.6571743340800270e-02, 9.9518150447206868e-02,
       9.9430648224890494e-01, -3.8088805302543251e-02,
       -8.2424888641333599e-02, 4.6384928230020966e-02,
       9.9551724051648627e-01 ]
...
---
P1: !!opencv-matrix
   rows: 3
   cols: 4
   dt: d
   data: [ 4.5290377140682222e+02, 0., 2.4740831851959229e+02, 0., 0.,
       4.5290377140682222e+02, 1.7980731678009033e+02, 0., 0., 0., 1.,
       0. ]
...
---
cam_mtx_r: !!opencv-matrix
   rows: 3
   cols: 3
   dt: d
   data: [ 6.0106730457571689e+02, 0., 2.9216910240544536e+02, 0.,
       5.2590106035583199e+02, 1.4158200664854505e+02, 0., 0., 1. ]
...
---
dist_r: !!opencv-matrix
   rows: 1
   cols: 5
   dt: d
   data: [ 1.5800247298864496e-02, -8.0881586939157979e-01, 0., 0.,
       2.8119148200251196e+00 ]
...
---
R2: !!opencv-matrix
   rows: 3
   cols: 3
   dt: d
   data: [ 9.8355315019042677e-01, -9.2317630291577524e-02,
       1.5524385942070509e-01, 8.5636235241659295e-02,
       9.9511079222924270e-01, 4.9203113748258330e-02,
       -1.5902715480106916e-01, -3.5099377861102787e-02,
       9.8665008879016491e-01 ]
...
---
P2: !!opencv-matrix
   rows: 3
   cols: 4
   dt: d
   data: [ 4.5290377140682222e+02, 0., 2.4740831851959229e+02,
       -2.8113954339337561e+03, 0., 4.5290377140682222e+02,
       1.7980731678009033e+02, 0., 0., 0., 1., 0. ]
