%YAML:1.0
---
cam_mtx_l: !!opencv-matrix
   rows: 3
   cols: 3
   dt: d
   data: [ 6.4015475796419082e+02, 0., 2.3661551112200044e+02, 0.,
       5.8873653546725586e+02, 2.5278560529811332e+02, 0., 0., 1. ]
...
---
dist_l: !!opencv-matrix
   rows: 1
   cols: 5
   dt: d
   data: [ 3.4930772834637708e-01, -5.4327015041046178e-01,
       -6.7930938224795498e-03, -6.8504232510760280e-02,
       6.5530484058822913e-01 ]
...
---
R1: !!opencv-matrix
   rows: 3
   cols: 3
   dt: d
   data: [ 9.8149531265283307e-01, -1.1305001361445795e-02,
       -1.9115215976999889e-01, 2.6434749089949808e-02,
       9.9669705782494789e-01, 7.6786580622162176e-02,
       1.8965272284116796e-01, -8.0418728336812975e-02,
       9.7855233526450758e-01 ]
...
---
P1: !!opencv-matrix
   rows: 3
   cols: 4
   dt: d
   data: [ 8.6782623012233535e+02, 0., 4.0199595069885254e+02, 0., 0.,
       8.6782623012233535e+02, 2.1113119947910309e+02, 0., 0., 0., 1.,
       0. ]
...
---
cam_mtx_r: !!opencv-matrix
   rows: 3
   cols: 3
   dt: d
   data: [ 6.4015475796419082e+02, 0., 3.0453121556924162e+02, 0.,
       5.8873653546725586e+02, 2.4127559847123590e+02, 0., 0., 1. ]
...
---
dist_r: !!opencv-matrix
   rows: 1
   cols: 5
   dt: d
   data: [ -4.3649506468229231e-02, 7.0223165250410657e-01,
       5.1416461731815868e-03, -1.2508920540847878e-02,
       -4.4817564515069686e+00 ]
...
---
R2: !!opencv-matrix
   rows: 3
   cols: 3
   dt: d
   data: [ 9.9909071163560126e-01, -4.2128806134946045e-02,
       -6.5508485795404275e-03, 4.1479745666389643e-02,
       9.9600147623088897e-01, -7.9123258561192913e-02,
       9.8580232764769876e-03, 7.8779585169851535e-02,
       9.9684331584133457e-01 ]
...
---
P2: !!opencv-matrix
   rows: 3
   cols: 4
   dt: d
   data: [ 8.6782623012233535e+02, 0., 4.0199595069885254e+02,
       -4.9489000041705558e+03, 0., 8.6782623012233535e+02,
       2.1113119947910309e+02, 0., 0., 0., 1., 0. ]
