%YAML:1.0
---
cam_mtx_l: !!opencv-matrix
   rows: 3
   cols: 3
   dt: d
   data: [ 6.5790478936762156e+02, 0., 320., 0., 6.0258203678875657e+02,
       239., 0., 0., 1. ]
...
---
dist_l: !!opencv-matrix
   rows: 1
   cols: 5
   dt: d
   data: [ 5.8533027838580642e-01, -2.6216702911032370e+00,
       4.8389033459121681e-03, -2.8693100153794150e-02,
       5.8388442744177063e+00 ]
...
---
R1: !!opencv-matrix
   rows: 3
   cols: 3
   dt: d
   data: [ 9.8122595695896464e-01, 8.3051114447583937e-02,
       -1.7406359119292630e-01, -6.8829345744858550e-02,
       9.9389604836863599e-01, 8.6215811783829047e-02,
       1.8016143470315329e-01, -7.2616509322771999e-02,
       9.8095295504905700e-01 ]
...
---
P1: !!opencv-matrix
   rows: 3
   cols: 4
   dt: d
   data: [ 1.1466732695949211e+03, 0., 3.8714930343627930e+02, 0., 0.,
       1.1466732695949211e+03, 2.3673966598510742e+02, 0., 0., 0., 1.,
       0. ]
...
---
cam_mtx_r: !!opencv-matrix
   rows: 3
   cols: 3
   dt: d
   data: [ 6.5790478936762156e+02, 0., 320., 0., 6.0258203678875657e+02,
       239., 0., 0., 1. ]
...
---
dist_r: !!opencv-matrix
   rows: 1
   cols: 5
   dt: d
   data: [ 5.7073580354062056e-02, -7.3315124519072306e-01,
       2.6180222351047618e-03, 3.3077699413089656e-03,
       5.3258978950845197e+00 ]
...
---
R2: !!opencv-matrix
   rows: 3
   cols: 3
   dt: d
   data: [ 9.9563345385945023e-01, 9.1327923905445113e-02,
       -1.9319313420073758e-02, -9.2579302191533416e-02,
       9.9256775888460125e-01, -7.8983016076424370e-02,
       1.1962372742501587e-02, 8.0426701647656848e-02,
       9.9668874143357733e-01 ]
...
---
P2: !!opencv-matrix
   rows: 3
   cols: 4
   dt: d
   data: [ 1.1466732695949211e+03, 0., 3.8714930343627930e+02,
       -4.0734451057656993e+03, 0., 1.1466732695949211e+03,
       2.3673966598510742e+02, 0., 0., 0., 1., 0. ]
