%YAML:1.0
---
cam_mtx_l: !!opencv-matrix
   rows: 3
   cols: 3
   dt: d
   data: [ 6.5461551041902385e+02, 0., 3.2076390928726380e+02, 0.,
       5.9237528229320037e+02, 2.3945732781897985e+02, 0., 0., 1. ]
...
---
dist_l: !!opencv-matrix
   rows: 1
   cols: 5
   dt: d
   data: [ 2.7111223017597851e-02, -6.0842618650186094e-02, 0., 0.,
       -1.4632604449359600e-02 ]
...
---
R1: !!opencv-matrix
   rows: 3
   cols: 3
   dt: d
   data: [ 9.9891184809670641e-01, -4.1797682608046824e-02,
       -2.0689936215932486e-02, 4.2061447638188892e-02,
       9.9903705789401387e-01, 1.2481649612644500e-02,
       2.0148308976245852e-02, -1.3338316350646173e-02,
       9.9970802485642174e-01 ]
...
---
P1: !!opencv-matrix
   rows: 3
   cols: 4
   dt: d
   data: [ 7.3053019703244956e+02, 0., 3.3530343246459961e+02, 0., 0.,
       7.3053019703244956e+02, 2.3848802375793457e+02, 0., 0., 0., 1.,
       0. ]
...
---
cam_mtx_r: !!opencv-matrix
   rows: 3
   cols: 3
   dt: d
   data: [ 6.5461551041902385e+02, 0., 3.2048782822359630e+02, 0.,
       5.9237528229320037e+02, 2.3640695764403176e+02, 0., 0., 1. ]
...
---
dist_r: !!opencv-matrix
   rows: 1
   cols: 5
   dt: d
   data: [ -5.7852288360274305e-02, 2.7513580296860785e-01, 0., 0.,
       4.9022978566877684e-01 ]
...
---
R2: !!opencv-matrix
   rows: 3
   cols: 3
   dt: d
   data: [ 9.9798390575585372e-01, -5.9960996420017364e-02,
       -2.0803912146756368e-02, 5.9687204915362710e-02,
       9.9812527537597717e-01, -1.3541500102328664e-02,
       2.1576872379536254e-02, 1.2272471794570600e-02,
       9.9969186503360563e-01 ]
...
---
P2: !!opencv-matrix
   rows: 3
   cols: 4
   dt: d
   data: [ 7.3053019703244956e+02, 0., 3.3530343246459961e+02,
       -2.5819827869507649e+03, 0., 7.3053019703244956e+02,
       2.3848802375793457e+02, 0., 0., 0., 1., 0. ]
