%YAML:1.0
---
P2: !!opencv-matrix
   rows: 3
   cols: 4
   dt: d
   data: [ 3.1145982109277099e+02, 0., 3.0686085510253906e+02,
       -1.6170242753383277e+03, 0., 3.1145982109277099e+02,
       2.3871144056320190e+02, 0., 0., 0., 1., 0. ]
...
---
cam_mtx_l: !!opencv-matrix
   rows: 3
   cols: 3
   dt: d
   data: [ 4.7412666317110944e+02, 0., 3.2161071602262183e+02, 0.,
       4.3224619871842873e+02, 2.4537496573057044e+02, 0., 0., 1. ]
...
---
P1: !!opencv-matrix
   rows: 3
   cols: 4
   dt: d
   data: [ 3.1145982109277099e+02, 0., 3.0686085510253906e+02, 0., 0.,
       3.1145982109277099e+02, 2.3871144056320190e+02, 0., 0., 0., 1.,
       0. ]
...
---
R1: !!opencv-matrix
   rows: 3
   cols: 3
   dt: d
   data: [ 9.5275426315892575e-01, -3.0153377270945181e-01,
       -3.6560880023560172e-02, 3.0369772335659151e-01,
       9.4774806434707926e-01, 9.7679574908922012e-02,
       5.1968125342121852e-03, -1.0416808744509577e-01,
       9.9454612899428418e-01 ]
...
---
R2: !!opencv-matrix
   rows: 3
   cols: 3
   dt: d
   data: [ 9.5279897476919695e-01, -2.9580315978088084e-01,
       6.8371078259845397e-02, 3.0146776742064152e-01,
       9.4845340273972767e-01, -9.7741127668171765e-02,
       -3.5934647419742900e-02, 1.1373932255415681e-01,
       9.9286054792188227e-01 ]
...
---
dist_l: !!opencv-matrix
   rows: 1
   cols: 5
   dt: d
   data: [ 7.3093110265134875e-01, -4.8192625080444920e+00, 0., 0.,
       1.0275717566893238e+01 ]
...
---
dist_r: !!opencv-matrix
   rows: 1
   cols: 5
   dt: d
   data: [ -1.6837192919234745e-02, -3.2419236984551347e-01, 0., 0.,
       1.5326113012260203e+00 ]
...
---
cam_mtx_r: !!opencv-matrix
   rows: 3
   cols: 3
   dt: d
   data: [ 4.7412666317110944e+02, 0., 3.3646491530405871e+02, 0.,
       4.3224619871842873e+02, 2.4886084504799288e+02, 0., 0., 1. ]
