%YAML:1.0
---
cam_mtx_l: !!opencv-matrix
   rows: 3
   cols: 3
   dt: d
   data: [ 3.9079536933699677e+02, 0., 3.1740702163594119e+02, 0.,
       3.5415339519261204e+02, 2.4212951574807110e+02, 0., 0., 1. ]
...
---
dist_l: !!opencv-matrix
   rows: 1
   cols: 5
   dt: d
   data: [ 1.1915847404403112e-02, -2.8430787328480419e-02, 0., 0.,
       3.4400648509599487e-02 ]
...
---
R1: !!opencv-matrix
   rows: 3
   cols: 3
   dt: d
   data: [ 9.9857012811393198e-01, 1.3384504485249682e-03,
       -5.3440694128372615e-02, -6.5469052663935526e-04,
       9.9991773170524634e-01, 1.2810199129959050e-02,
       5.3453443470367415e-02, -1.2756895070185310e-02,
       9.9848885372312912e-01 ]
...
---
P1: !!opencv-matrix
   rows: 3
   cols: 4
   dt: d
   data: [ 3.4519907582859759e+02, 0., 3.4859340858459473e+02, 0., 0.,
       3.4519907582859759e+02, 2.3780431747436523e+02, 0., 0., 0., 1.,
       0. ]
...
---
cam_mtx_r: !!opencv-matrix
   rows: 3
   cols: 3
   dt: d
   data: [ 3.9079536933699677e+02, 0., 3.2453387019726694e+02, 0.,
       3.5415339519261204e+02, 2.3324912713684506e+02, 0., 0., 1. ]
...
---
dist_r: !!opencv-matrix
   rows: 1
   cols: 5
   dt: d
   data: [ 9.6754276410083509e-03, -1.0687641313182275e-02, 0., 0.,
       3.0497699712193412e-02 ]
...
---
R2: !!opencv-matrix
   rows: 3
   cols: 3
   dt: d
   data: [ 9.9909719756127091e-01, 1.7841767933441212e-04,
       -4.2482443342473641e-02, -7.2179629618557718e-04,
       9.9991812730917917e-01, -1.2775667834236868e-02,
       4.2476685785517623e-02, 1.2794797600417239e-02,
       9.9901552756653522e-01 ]
...
---
P2: !!opencv-matrix
   rows: 3
   cols: 4
   dt: d
   data: [ 3.4519907582859759e+02, 0., 3.4859340858459473e+02,
       -1.5570779113272963e+03, 0., 3.4519907582859759e+02,
       2.3780431747436523e+02, 0., 0., 0., 1., 0. ]
