%YAML:1.0
---
cam_mtx_l: !!opencv-matrix
   rows: 3
   cols: 3
   dt: d
   data: [ 6.9750110129089194e+02, 0., 4.5009789475594050e+02, 0.,
       6.2885375158046702e+02, 1.3854730021161072e+02, 0., 0., 1. ]
...
---
dist_l: !!opencv-matrix
   rows: 1
   cols: 5
   dt: d
   data: [ 9.3998507708104834e-02, -3.0851874793136874e-01, 0., 0.,
       3.5115089264349097e-01 ]
...
---
R1: !!opencv-matrix
   rows: 3
   cols: 3
   dt: d
   data: [ 8.5954882492787799e-01, 5.0953226982022648e-01,
       -3.9404106092536882e-02, -5.0921006946691316e-01,
       8.6044178588790454e-01, 1.8575205289167611e-02,
       4.3369605930945160e-02, 4.0986717215642354e-03,
       9.9905068848958478e-01 ]
...
---
P1: !!opencv-matrix
   rows: 3
   cols: 4
   dt: d
   data: [ 4.7728743601663160e+02, 0., 3.4872313976287842e+02, 0., 0.,
       4.7728743601663160e+02, 1.7701044368743896e+02, 0., 0., 0., 1.,
       0. ]
...
---
cam_mtx_r: !!opencv-matrix
   rows: 3
   cols: 3
   dt: d
   data: [ 6.9750110129089194e+02, 0., 3.1850880689270133e+02, 0.,
       6.2885375158046702e+02, 2.4710524735987184e+02, 0., 0., 1. ]
...
---
dist_r: !!opencv-matrix
   rows: 1
   cols: 5
   dt: d
   data: [ 3.5096898005002458e-02, -1.9291400899256708e-01, 0., 0.,
       8.4472095510393241e-01 ]
...
---
R2: !!opencv-matrix
   rows: 3
   cols: 3
   dt: d
   data: [ 9.6032405182453850e-01, 2.7656271732282722e-01,
       3.5927411183035982e-02, -2.7454173661923426e-01,
       9.6013667586359219e-01, -5.2577547638759527e-02,
       -4.9036214590810340e-02, 4.0627909725027292e-02,
       9.9797035156861191e-01 ]
...
---
P2: !!opencv-matrix
   rows: 3
   cols: 4
   dt: d
   data: [ 4.7728743601663160e+02, 0., 3.4872313976287842e+02, 0., 0.,
       4.7728743601663160e+02, 1.7701044368743896e+02,
       -4.6130564917237343e+03, 0., 0., 1., 0. ]
