%YAML:1.0
---
cam_mtx_l: !!opencv-matrix
   rows: 3
   cols: 3
   dt: d
   data: [ 5.2634317669663074e+02, 0., 3.1469285486538774e+02, 0.,
       4.7629845918246292e+02, 2.5659819133902278e+02, 0., 0., 1. ]
...
---
dist_l: !!opencv-matrix
   rows: 1
   cols: 5
   dt: d
   data: [ 7.0364029229408764e-02, -4.5118445067737134e-01, 0., 0.,
       8.2814551155339211e-01 ]
...
---
R1: !!opencv-matrix
   rows: 3
   cols: 3
   dt: d
   data: [ 9.9661847710174745e-01, 8.2078107725411742e-02,
       -3.8464700192976237e-03, -8.1905946035038937e-02,
       9.9608567320780406e-01, 3.3237744121121342e-02,
       6.5595048211687639e-03, -3.2810301162463529e-02,
       9.9944007175724614e-01 ]
...
---
P1: !!opencv-matrix
   rows: 3
   cols: 4
   dt: d
   data: [ 6.0867598735488309e+02, 0., 3.3660613441467285e+02, 0., 0.,
       6.0867598735488309e+02, 2.5460318374633789e+02, 0., 0., 0., 1.,
       0. ]
...
---
cam_mtx_r: !!opencv-matrix
   rows: 3
   cols: 3
   dt: d
   data: [ 5.2634317669663074e+02, 0., 3.3349530514223306e+02, 0.,
       4.7629845918246292e+02, 2.5522526972864091e+02, 0., 0., 1. ]
...
---
dist_r: !!opencv-matrix
   rows: 1
   cols: 5
   dt: d
   data: [ -2.8624185382419086e-02, 2.1092821799648756e-01, 0., 0.,
       -2.5387739220012678e-01 ]
...
---
R2: !!opencv-matrix
   rows: 3
   cols: 3
   dt: d
   data: [ 9.9715280853330335e-01, 6.9382713435410442e-02,
       -2.9534987903925322e-02, -7.0356366621178876e-02,
       9.9696553662751886e-01, -3.3312166739340440e-02,
       2.7134076546135907e-02, 3.5295295059583676e-02,
       9.9900850048267620e-01 ]
...
---
P2: !!opencv-matrix
   rows: 3
   cols: 4
   dt: d
   data: [ 6.0867598735488309e+02, 0., 3.3660613441467285e+02,
       -2.7794746322373426e+03, 0., 6.0867598735488309e+02,
       2.5460318374633789e+02, 0., 0., 0., 1., 0. ]
