%YAML:1.0
---
cam_mtx_l: !!opencv-matrix
   rows: 3
   cols: 3
   dt: d
   data: [ 8.2376110336336194e+02, 0., 2.7975855753159533e+02, 0.,
       7.6489712630252416e+02, 3.2781667243780220e+02, 0., 0., 1. ]
...
---
dist_l: !!opencv-matrix
   rows: 1
   cols: 5
   dt: d
   data: [ -5.3745308486147989e-02, 1.0089366471828125e+00, 0., 0.,
       -2.8378845238653421e+00 ]
...
---
R1: !!opencv-matrix
   rows: 3
   cols: 3
   dt: d
   data: [ 9.9910359726196440e-01, -1.4358827284015477e-02,
       -3.9822431081364351e-02, 2.0317779523880218e-02,
       9.8793491883818219e-01, 1.5353105215367091e-01,
       3.7137444357699070e-02, -1.5420252987296301e-01,
       9.8734107075891286e-01 ]
...
---
P1: !!opencv-matrix
   rows: 3
   cols: 4
   dt: d
   data: [ 1.2278856193732145e+03, 0., 3.8080210494995117e+02, 0., 0.,
       1.2278856193732145e+03, 3.0343433761596680e+02, 0., 0., 0., 1.,
       0. ]
...
---
cam_mtx_r: !!opencv-matrix
   rows: 3
   cols: 3
   dt: d
   data: [ 8.2376110336336194e+02, 0., 2.9806757407064083e+02, 0.,
       7.6489712630252416e+02, 2.0657354126390305e+02, 0., 0., 1. ]
...
---
dist_r: !!opencv-matrix
   rows: 1
   cols: 5
   dt: d
   data: [ -3.9030397595887723e-02, 3.2425064035055962e+00, 0., 0.,
       -1.2299046134789586e+01 ]
...
---
R2: !!opencv-matrix
   rows: 3
   cols: 3
   dt: d
   data: [ 9.9527949819246930e-01, -4.9045381102780547e-02,
       -8.3745274912853745e-02, 3.5556013399921260e-02,
       9.8718401812090528e-01, -1.5557469035086940e-01,
       9.0302216965316276e-02, 1.5186265162688059e-01,
       9.8426787240669478e-01 ]
...
---
P2: !!opencv-matrix
   rows: 3
   cols: 4
   dt: d
   data: [ 1.2278856193732145e+03, 0., 3.8080210494995117e+02,
       -7.4352563422065587e+03, 0., 1.2278856193732145e+03,
       3.0343433761596680e+02, 0., 0., 0., 1., 0. ]
